17.0418 5502 - 0.697137 - 16.3447
17.5091 188 - 1.71521 - 15.7939
17.5186 161 - 8.16606 - 9.3525
17.5776 5550 - 5.40377 - 12.1738
17.9057 5492 - 0.621624 - 17.2841
19.63 5461 - 1.77759 - 17.8524
19.8866 80 - 10.0503 - 9.83631
20.4301 5488 - 5.18029 - 15.2498
20.4834 28 - 14.3429 - 6.14042
20.5191 27 - 12.1854 - 8.33364
20.9089 202 - 10.9303 - 9.97858
21.1896 192 - 12.6838 - 8.50574
22.6073 111 - 15.7883 - 6.81902
23.6063 36 - 13.126 - 10.4803
23.7414 154 - 13.719 - 10.0224
24.4113 5485 - 5.45938 - 18.9519
24.4344 6789 - 6.95052 - 17.4839
24.4884 6775 - 13.216 - 11.2724
24.6278 5474 - 7.44627 - 17.1815
24.666 5473 - 7.88322 - 16.7828
24.6714 6728 - 15.3513 - 9.3201
24.7231 5503 - 8.17895 - 16.5441
24.7742 94 - 10.3494 - 14.4248
24.7997 71 - 18.0541 - 6.74569
24.8998 5538 - 13.738 - 11.1618
24.9361 106 - 12.9448 - 11.9913
24.9711 146 - 18.3055 - 6.66559
25.0455 73 - 10.699 - 14.3464
25.1109 56 - 13.8847 - 11.2262
25.1407 117 - 12.3976 - 12.7431
25.1818 5514 - 22.6783 - 2.50347
25.1818 5501 - 25.1818 - 0
1759 34.0163
1905 31.7228
126 17.0116
1354 83.7376
1353 81.767
1335 81.4451
1264 75.7316
1218 78.9017
70 9.32647
2241 130.407
1441 20.5618
1903 30.5574
1824 39.5785
287 87.6286
1904 30.319
210 80.7563
1590 112.753
1956 27.6748
1678 84.7902
5507 2.63173
182 14.0907
135 12.0668
117 12.7431
1923 29.1426
2881 38.3178
3878 23.83
3484 45.8473
1074 70.9525
3877 42.0239
1910 30.906
1665 82.4251
302 80.6239
3448 10.6447
3645 11.9139
3876 17.1641
1918 29.4462
2170 113.893
49 37.4791
63 12.0161
3714 12.8148
3494 11.1731
1382 78.7312
1230 73.1934
3941 101.021
1760 34.0233
3670 28.1093
3830 15.2593
111 6.81902
144 8.69787
3576 26.229
5810 33.0485
100 6.38566
5852 29.2744
5488 15.2498
2878 40.0675
5501 0
3469 48.3332
94 14.4248
5502 16.3447
5514 2.50347
161 9.3525
27 8.33364
5485 18.9519
62 2.49027
5550 12.1738
188 15.7939
5492 17.2841
1852 32.482
5538 11.1618
28 6.14042
502 75.9473
580 80.9018
36 10.4803
3752 11.853
24 20.0548
5481 10.3511
5461 17.8524
106 11.9913
45 18.9076
7255 12.6032
73 14.3464
1836 42.5391
192 8.50574
7252 16.6642
1761 32.4146
3520 12.8707
125 21.7427
1273 77.9176
3858 18.393
189 23.7356
1555 88.9376
193 8.74282
6775 11.2724
6789 17.4839
65 14.978
507 75.6745
5508 10.0281
1897 33.3333
80 9.83631
5496 3.94332
3550 28.9835
8217 14.9448
71 6.74569
5512 12.3354
5520 7.05322
6727 8.43841
6728 9.3201
178 37.8891
154 10.0224
55 14.2487
149 4.40851
5503 16.5441
1638 68.2321
202 9.97858
5474 17.1815
5473 16.7828
153 3.99331
1754 30.1667
3797 11.2998
1780 33.235
56 11.2262
1386 78.551
346 87.985
3825 10.3453
3751 30.8922
160 21.1793
3697 11.146
3682 19.8677
3533 25.9316
1551 88.7035
156 47.1151
146 6.66559
340 84.6951
1800 32.9835


